0 0 0 0
2000 0.982488 0.89256 0.674712
4000 0.964141 0.822319 0.606462
6000 0.953411 0.785344 0.582728
8000 0.945826 0.761873 0.568073
10000 0.927156 0.72964 0.555945
12000 0.923692 0.721476 0.549758
14000 0.908063 0.697705 0.542887
16000 0.897292 0.684536 0.539165
18000 0.893366 0.675407 0.53612
20000 0.891597 0.667879 0.532612
22000 0.873635 0.650651 0.529176
24000 0.862024 0.643969 0.527032
26000 0.868098 0.643952 0.528098
28000 0.85841 0.637622 0.524934
30000 0.860388 0.632597 0.523695
32000 0.847938 0.62532 0.521948
34000 0.849192 0.623542 0.521743
36000 0.832385 0.614353 0.519345
38000 0.834178 0.611527 0.517944
40000 0.825793 0.610467 0.518433
42000 0.817613 0.602945 0.517017
44000 0.809013 0.600008 0.517007
46000 0.801034 0.594477 0.515179
48000 0.812976 0.597211 0.515956
50000 0.809774 0.595084 0.515252
52000 0.792872 0.589908 0.515001
54000 0.798928 0.588861 0.513477
56000 0.787749 0.585428 0.513605
58000 0.79196 0.585594 0.513276
60000 0.779086 0.580815 0.512986
62000 0.7797 0.57822 0.512584
64000 0.777754 0.578163 0.512582
66000 0.781633 0.578536 0.511269
68000 0.779914 0.578118 0.511989
70000 0.765333 0.572511 0.510978
72000 0.76863 0.572955 0.510621
74000 0.76241 0.57064 0.510382
76000 0.761883 0.570268 0.510298
78000 0.75268 0.566355 0.510629
80000 0.759289 0.567265 0.510093
82000 0.761513 0.567618 0.510107
84000 0.754394 0.565601 0.509846
86000 0.747785 0.562872 0.508702
88000 0.743332 0.56126 0.509213
90000 0.745888 0.5619 0.508737
92000 0.745551 0.561973 0.509597
94000 0.742575 0.559817 0.508412
96000 0.732683 0.558493 0.508893
98000 0.731393 0.557917 0.508213
100000 0.735869 0.557683 0.508181
102000 0.731842 0.556969 0.508024
104000 0.731216 0.55515 0.508027
106000 0.724831 0.552866 0.507889
108000 0.725797 0.553123 0.507513
110000 0.719989 0.55187 0.507223
112000 0.728417 0.553329 0.507322
114000 0.712825 0.550586 0.506935
116000 0.715598 0.550634 0.507373
118000 0.711004 0.549369 0.506971
120000 0.714736 0.549077 0.507115
122000 0.700734 0.54673 0.506706
124000 0.715334 0.54894 0.506583
126000 0.704349 0.546902 0.506816
